YUY2 640 480 30
YUY2 640 480 24
YUY2 640 480 20
YUY2 640 480 15
YUY2 640 480 10
YUY2 640 480 7,5
YUY2 640 480 5
YUY2 160 120 30
YUY2 160 120 24
YUY2 160 120 20
YUY2 160 120 15
YUY2 160 120 10
YUY2 160 120 7,5
YUY2 160 120 5
YUY2 176 144 30
YUY2 176 144 24
YUY2 176 144 20
YUY2 176 144 15
YUY2 176 144 10
YUY2 176 144 7,5
YUY2 176 144 5
YUY2 320 180 30
YUY2 320 180 24
YUY2 320 180 20
YUY2 320 180 15
YUY2 320 180 10
YUY2 320 180 7,5
YUY2 320 180 5
YUY2 320 240 30
YUY2 320 240 24
YUY2 320 240 20
YUY2 320 240 15
YUY2 320 240 10
YUY2 320 240 7,5
YUY2 320 240 5
YUY2 352 288 30
YUY2 352 288 24
YUY2 352 288 20
YUY2 352 288 15
YUY2 352 288 10
YUY2 352 288 7,5
YUY2 352 288 5
YUY2 340 340 30
YUY2 424 240 30
YUY2 424 240 24
YUY2 424 240 20
YUY2 424 240 15
YUY2 424 240 10
YUY2 424 240 7,5
YUY2 424 240 5
YUY2 440 440 30
YUY2 480 270 30
YUY2 480 270 24
YUY2 480 270 20
YUY2 480 270 15
YUY2 480 270 10
YUY2 480 270 7,5
YUY2 480 270 5
YUY2 640 360 30
YUY2 640 360 24
YUY2 640 360 20
YUY2 640 360 15
YUY2 640 360 10
YUY2 640 360 7,5
YUY2 640 360 5
YUY2 800 448 30
YUY2 800 448 24
YUY2 800 448 20
YUY2 800 448 15
YUY2 800 448 10
YUY2 800 448 7,5
YUY2 800 448 5
YUY2 800 600 30
YUY2 800 600 24
YUY2 800 600 20
YUY2 800 600 15
YUY2 800 600 10
YUY2 800 600 7,5
YUY2 800 600 5
YUY2 848 480 30
YUY2 848 480 24
YUY2 848 480 20
YUY2 848 480 15
YUY2 848 480 10
YUY2 848 480 7,5
YUY2 848 480 5
YUY2 960 540 30
YUY2 960 540 24
YUY2 960 540 20
YUY2 960 540 15
YUY2 960 540 10
YUY2 960 540 7,5
YUY2 960 540 5
YUY2 1024 576 30
YUY2 1024 576 24
YUY2 1024 576 20
YUY2 1024 576 15
YUY2 1024 576 10
YUY2 1024 576 7,5
YUY2 1024 576 5
YUY2 1280 720 30
YUY2 1280 720 24
YUY2 1280 720 20
YUY2 1280 720 15
YUY2 1280 720 10
YUY2 1280 720 7,5
YUY2 1280 720 5
YUY2 1600 896 30
YUY2 1600 896 24
YUY2 1600 896 20
YUY2 1600 896 15
YUY2 1600 896 10
YUY2 1600 896 7,5
YUY2 1600 896 5
YUY2 1920 1080 30
YUY2 1920 1080 24
YUY2 1920 1080 20
YUY2 1920 1080 15
YUY2 1920 1080 10
YUY2 1920 1080 7,5
YUY2 1920 1080 5
NV12 640 480 30
MJPG 640 480 30
NV12 640 480 120
MJPG 640 480 120
NV12 640 480 90
MJPG 640 480 90
NV12 640 480 60
MJPG 640 480 60
NV12 640 480 24
MJPG 640 480 24
NV12 640 480 20
MJPG 640 480 20
NV12 640 480 15
MJPG 640 480 15
NV12 640 480 10
MJPG 640 480 10
NV12 640 480 7,5
MJPG 640 480 7,5
NV12 640 480 5
MJPG 640 480 5
NV12 160 120 30
MJPG 160 120 30
NV12 160 120 24
MJPG 160 120 24
NV12 160 120 20
MJPG 160 120 20
NV12 160 120 15
MJPG 160 120 15
NV12 160 120 10
MJPG 160 120 10
NV12 160 120 7,5
MJPG 160 120 7,5
NV12 160 120 5
MJPG 160 120 5
NV12 176 144 30
MJPG 176 144 30
NV12 176 144 24
MJPG 176 144 24
NV12 176 144 20
MJPG 176 144 20
NV12 176 144 15
MJPG 176 144 15
NV12 176 144 10
MJPG 176 144 10
NV12 176 144 7,5
MJPG 176 144 7,5
NV12 176 144 5
MJPG 176 144 5
NV12 320 180 30
MJPG 320 180 30
NV12 320 180 24
MJPG 320 180 24
NV12 320 180 20
MJPG 320 180 20
NV12 320 180 15
MJPG 320 180 15
NV12 320 180 10
MJPG 320 180 10
NV12 320 180 7,5
MJPG 320 180 7,5
NV12 320 180 5
MJPG 320 180 5
NV12 320 240 30
MJPG 320 240 30
NV12 320 240 24
MJPG 320 240 24
NV12 320 240 20
MJPG 320 240 20
NV12 320 240 15
MJPG 320 240 15
NV12 320 240 10
MJPG 320 240 10
NV12 320 240 7,5
MJPG 320 240 7,5
NV12 320 240 5
MJPG 320 240 5
NV12 352 288 30
MJPG 352 288 30
NV12 352 288 24
MJPG 352 288 24
NV12 352 288 20
MJPG 352 288 20
NV12 352 288 15
MJPG 352 288 15
NV12 352 288 10
MJPG 352 288 10
NV12 352 288 7,5
MJPG 352 288 7,5
NV12 352 288 5
MJPG 352 288 5
NV12 424 240 30
MJPG 424 240 30
NV12 424 240 24
MJPG 424 240 24
NV12 424 240 20
MJPG 424 240 20
NV12 424 240 15
MJPG 424 240 15
NV12 424 240 10
MJPG 424 240 10
NV12 424 240 7,5
MJPG 424 240 7,5
NV12 424 240 5
MJPG 424 240 5
NV12 480 270 30
MJPG 480 270 30
NV12 480 270 24
MJPG 480 270 24
NV12 480 270 20
MJPG 480 270 20
NV12 480 270 15
MJPG 480 270 15
NV12 480 270 10
MJPG 480 270 10
NV12 480 270 7,5
MJPG 480 270 7,5
NV12 480 270 5
MJPG 480 270 5
NV12 640 360 30
MJPG 640 360 30
NV12 640 360 24
MJPG 640 360 24
NV12 640 360 20
MJPG 640 360 20
NV12 640 360 15
MJPG 640 360 15
NV12 640 360 10
MJPG 640 360 10
NV12 640 360 7,5
MJPG 640 360 7,5
NV12 640 360 5
MJPG 640 360 5
NV12 800 448 30
MJPG 800 448 30
NV12 800 448 24
MJPG 800 448 24
NV12 800 448 20
MJPG 800 448 20
NV12 800 448 15
MJPG 800 448 15
NV12 800 448 10
MJPG 800 448 10
NV12 800 448 7,5
MJPG 800 448 7,5
NV12 800 448 5
MJPG 800 448 5
NV12 800 600 30
MJPG 800 600 30
NV12 800 600 24
MJPG 800 600 24
NV12 800 600 20
MJPG 800 600 20
NV12 800 600 15
MJPG 800 600 15
NV12 800 600 10
MJPG 800 600 10
NV12 800 600 7,5
MJPG 800 600 7,5
NV12 800 600 5
MJPG 800 600 5
NV12 848 480 30
MJPG 848 480 30
NV12 848 480 24
MJPG 848 480 24
NV12 848 480 20
MJPG 848 480 20
NV12 848 480 15
MJPG 848 480 15
NV12 848 480 10
MJPG 848 480 10
NV12 848 480 7,5
MJPG 848 480 7,5
NV12 848 480 5
MJPG 848 480 5
NV12 960 540 30
MJPG 960 540 30
NV12 960 540 24
MJPG 960 540 24
NV12 960 540 20
MJPG 960 540 20
NV12 960 540 15
MJPG 960 540 15
NV12 960 540 10
MJPG 960 540 10
NV12 960 540 7,5
MJPG 960 540 7,5
NV12 960 540 5
MJPG 960 540 5
NV12 1024 576 30
MJPG 1024 576 30
NV12 1024 576 24
MJPG 1024 576 24
NV12 1024 576 20
MJPG 1024 576 20
NV12 1024 576 15
MJPG 1024 576 15
NV12 1024 576 10
MJPG 1024 576 10
NV12 1024 576 7,5
MJPG 1024 576 7,5
NV12 1024 576 5
MJPG 1024 576 5
NV12 1280 720 30
MJPG 1280 720 30
NV12 1280 720 90
MJPG 1280 720 90
NV12 1280 720 60
MJPG 1280 720 60
NV12 1280 720 24
MJPG 1280 720 24
NV12 1280 720 20
MJPG 1280 720 20
NV12 1280 720 15
MJPG 1280 720 15
NV12 1280 720 10
MJPG 1280 720 10
NV12 1280 720 7,5
MJPG 1280 720 7,5
NV12 1280 720 5
MJPG 1280 720 5
NV12 1600 896 30
MJPG 1600 896 30
NV12 1600 896 24
MJPG 1600 896 24
NV12 1600 896 20
MJPG 1600 896 20
NV12 1600 896 15
MJPG 1600 896 15
NV12 1600 896 10
MJPG 1600 896 10
NV12 1600 896 7,5
MJPG 1600 896 7,5
NV12 1600 896 5
MJPG 1600 896 5
NV12 1920 1080 30
MJPG 1920 1080 30
NV12 1920 1080 60
MJPG 1920 1080 60
NV12 1920 1080 24
MJPG 1920 1080 24
NV12 1920 1080 20
MJPG 1920 1080 20
NV12 1920 1080 15
MJPG 1920 1080 15
NV12 1920 1080 10
MJPG 1920 1080 10
NV12 1920 1080 7,5
MJPG 1920 1080 7,5
NV12 1920 1080 5
MJPG 1920 1080 5
NV12 2560 1440 30
MJPG 2560 1440 30
NV12 2560 1440 24
MJPG 2560 1440 24
NV12 2560 1440 20
MJPG 2560 1440 20
NV12 2560 1440 15
MJPG 2560 1440 15
NV12 2560 1440 10
MJPG 2560 1440 10
NV12 2560 1440 7,5
MJPG 2560 1440 7,5
NV12 2560 1440 5
MJPG 2560 1440 5
NV12 3840 2160 30
MJPG 3840 2160 30
NV12 3840 2160 24
MJPG 3840 2160 24
NV12 3840 2160 20
MJPG 3840 2160 20
NV12 3840 2160 15
MJPG 3840 2160 15
NV12 3840 2160 10
MJPG 3840 2160 10
NV12 3840 2160 7,5
MJPG 3840 2160 7,5
NV12 3840 2160 5
MJPG 3840 2160 5
NV12 4096 2160 30
MJPG 4096 2160 30
NV12 4096 2160 24
MJPG 4096 2160 24
NV12 4096 2160 20
MJPG 4096 2160 20
NV12 4096 2160 15
MJPG 4096 2160 15
NV12 4096 2160 10
MJPG 4096 2160 10
NV12 4096 2160 7,5
MJPG 4096 2160 7,5
NV12 4096 2160 5
MJPG 4096 2160 5
NV12 640 480 30
NV12 640 480 24
NV12 640 480 20
NV12 640 480 15
NV12 640 480 10
NV12 640 480 7,5
NV12 640 480 5
NV12 640 360 30
NV12 640 360 24
NV12 640 360 20
NV12 640 360 15
NV12 640 360 10
NV12 640 360 7,5
NV12 640 360 5
NV12 1280 720 30
NV12 1280 720 24
NV12 1280 720 20
NV12 1280 720 15
NV12 1280 720 10
NV12 1280 720 7,5
NV12 1280 720 5
NV12 1920 1080 30
NV12 1920 1080 24
NV12 1920 1080 20
NV12 1920 1080 15
NV12 1920 1080 10
NV12 1920 1080 7,5
NV12 1920 1080 5